0.0032028241402961566
0.012515262736327082
0.021785806503489047
0.02374119401156327
0.02504231950818947
0.028005498312675514
0.03497967281511172
0.05211111371329791
0.059716858454278654
0.06488692271646423
0.06837780925442227
0.08127404044027797
0.10222535465822069
0.12149437666735519
0.12385773259365418
0.13057650595410175
0.13257040277752474
0.1338399188818672
0.13413517903662842
0.1426288783340942
0.1562036993271424
0.15772921217202718
0.16294740494773474
0.16410743962879326
0.17138479851947208
0.17425550730785977
0.17914964688343848
0.18733733662866758
0.1963219103612046
0.20638202790707427
0.20870730480273147
0.21474693795062116
0.2165592088864462
0.21815218705176564
0.2185192590313605
0.24585761888651758
0.2609565246438752
0.26307293559655154
0.2757884234223329
0.2939263343002697
0.31003507965564503
0.31017393689114503
0.3172322927375384
0.3198049361731191
0.3256494191131596
0.33625198564990777
0.33755430932160213
0.3453567518774039
0.3484755221980691
0.34935271070927276
0.354699408292216
0.3738657322127541
0.37791821284339533
0.3825845001495429
0.38994429681212417
0.3937606980373666
0.39558827874725555
0.4080326395893189
0.4121581976116725
0.4165121848464962
0.41726644391485523
0.4321244982558804
0.44510955916844785
0.4647453812169514
0.46855863487544924
0.48736936694340227
0.49237505051877906
0.49283406018906595
0.5029115052040081
0.5072741290037837
0.5216962651157998
0.5259318781300379
0.5277280618006779
0.5307171468716696
0.5355806479103282
0.5382631611373104
0.5383713535672024
0.5487115978448567
0.5577405894679246
0.5602400311138974
0.5628431409707418
0.5668778428990952
0.5682394951005668
0.5967557195880265
0.6018672787966043
0.6254675671672042
0.6274638078168682
0.6278624589105851
0.6386796980042131
0.6400920371619816
0.6403939776374187
0.6500238963194509
0.6517504255023373
0.6642090070778198
0.6764906281014021
0.678736064205222
0.6886561112749515
0.7004911249263471
0.7043996118028427
0.7193238718889591
0.7211940188577072
0.7314633782225365
0.7317886201385734
0.7377888789106721
0.7603867291987149
0.7647426542899702
0.7693466997356038
0.769412716769387
0.7711923234599997
0.7727899413243017
0.7756511469267555
0.7760247376928819
0.7810550983299616
0.782062070581649
0.787955527151982
0.788485908072993
0.7900019636673761
0.7944753006197757
0.7951827876891283
0.7989941636342942
0.8036419216529564
0.8054076726223804
0.8169517648535182
0.8213810929471321
0.8260431446373351
0.8342889095390374
0.8355606468965345
0.8400131588107645
0.8401854709223708
0.8465306764358326
0.8503618460762185
0.859562803898208
0.8651124946346638
0.8762966588189532
0.8772387917981346
0.889181101504241
0.9046052674307801
0.9108303781664766
0.9121232445532648
0.9239112925619846
0.9252976043583949
0.9534954172954846
0.9541946630032092
0.9605914861487933
0.9672789787481845
0.9714000288872873
0.9773369993847945
0.9776301769368633
0.9815406383512145
0.9871502252215884
